Valeur de x : [[ 2.          2.02005013  2.04010025 ...  9.95989975  9.97994987
  10.        ]
 [ 2.02005013  2.04005     2.06004987 ...  9.96000025  9.98000013
  10.        ]
 [ 2.04010025  2.06004987  2.0799995  ...  9.96010075  9.98005038
  10.        ]
 ...
 [ 9.95989975  9.96000025  9.96010075 ...  9.999799    9.9998995
  10.        ]
 [ 9.97994987  9.98000013  9.98005038 ...  9.9998995   9.99994975
  10.        ]
 [10.         10.         10.         ... 10.         10.
  10.        ]]
Valeur de y : [1.20260428e+06 1.38380966e+06 1.59231861e+06 1.83224515e+06
 2.10832322e+06 2.42600004e+06 2.79154360e+06 3.21216634e+06
 3.69616745e+06 4.25309663e+06 4.89394249e+06 5.63134939e+06
 6.47986689e+06 7.45623687e+06 8.57972381e+06 9.87249492e+06
 1.13600575e+07 1.30717623e+07 1.50413824e+07 1.73077800e+07
 1.99156725e+07 2.29165158e+07 2.63695185e+07 3.03428109e+07
 3.49147891e+07 4.01756613e+07 4.62292285e+07 5.31949319e+07
 6.12102099e+07 7.04332097e+07 8.10459079e+07 9.32577006e+07
 1.07309535e+08 1.23478665e+08 1.42084119e+08 1.63492995e+08
 1.88127706e+08 2.16474314e+08 2.49092117e+08 2.86624688e+08
 3.29812572e+08 3.79507898e+08 4.36691189e+08 5.02490715e+08
 5.78204746e+08 6.65327177e+08 7.65576996e+08 8.80932205e+08
 1.01366884e+09 1.16640591e+09 1.34215700e+09 1.54438983e+09
 1.77709459e+09 2.04486271e+09 2.35297746e+09 2.70751816e+09
 3.11548016e+09 3.58491285e+09 4.12507846e+09 4.74663486e+09
 5.46184582e+09 6.28482295e+09 7.23180420e+09 8.32147420e+09
 9.57533291e+09 1.10181199e+10 1.26783024e+10 1.45886370e+10
 1.67868159e+10 1.93162110e+10 2.22267288e+10 2.55757962e+10
 2.94294926e+10 3.38638542e+10 3.89663742e+10 4.48377291e+10
 5.15937649e+10 5.93677831e+10 6.83131707e+10 7.86064267e+10
 9.04506446e+10 1.04079519e+11 1.19761958e+11 1.37807388e+11
 1.58571857e+11 1.82465064e+11 2.09958439e+11 2.41594446e+11
 2.77997287e+11 3.19885217e+11 3.68084713e+11 4.23546788e+11
 4.87365748e+11 5.60800789e+11 6.45300835e+11 7.42533135e+11
 8.54416153e+11 9.83157421e+11 1.13129710e+12 1.30175809e+12
 1.49790371e+12 1.72360406e+12 1.98331236e+12 2.28215286e+12
 2.62602189e+12 3.02170424e+12 3.47700700e+12 4.00091363e+12
 4.60376120e+12 5.29744431e+12 6.09564984e+12 7.01412696e+12
 8.07099790e+12 9.28711548e+12 1.06864746e+13 1.22966856e+13
 1.41495191e+13 1.62815329e+13 1.87347932e+13 2.15577045e+13
 2.48059650e+13 2.85436651e+13 3.28445525e+13 3.77934867e+13
 4.34881139e+13 5.00407930e+13 5.75808133e+13 6.62569449e+13
 7.62403740e+13 8.77280810e+13 1.00946727e+14 1.16157125e+14
 1.33659387e+14 1.53798846e+14 1.76972867e+14 2.03638692e+14
 2.34322456e+14 2.69629571e+14 3.10256674e+14 3.57005367e+14
 4.10798034e+14 4.72696044e+14 5.43920690e+14 6.25877286e+14
 7.20182894e+14 8.28698234e+14 9.53564391e+14 1.09724507e+15
 1.26257518e+15 1.45281682e+15 1.67172359e+15 1.92361468e+15
 2.21346008e+15 2.54697866e+15 2.93075097e+15 3.37234912e+15
 3.88048617e+15 4.46518803e+15 5.13799128e+15 5.91217083e+15
 6.80300180e+15 7.82806093e+15 9.00757338e+15 1.03648118e+16
 1.19265555e+16 1.37236187e+16 1.57914589e+16 1.81708761e+16
 2.09088178e+16 2.40593056e+16 2.76845011e+16 3.18559318e+16
 3.66559031e+16 4.21791220e+16 4.85345656e+16 5.58476314e+16
 6.42626114e+16 7.39455394e+16 8.50874665e+16 9.79082311e+16
 1.12660796e+17 1.29636240e+17 1.49169502e+17 1.71645985e+17
 1.97509169e+17 2.27269352e+17 2.61513724e+17 3.00917951e+17
 3.46259508e+17 3.98433016e+17 4.58467897e+17 5.27548682e+17
 6.07038385e+17 6.98505396e+17 8.03754425e+17 9.24862111e+17
 1.06421800e+18 1.22457168e+18 1.40908705e+18 1.62140472e+18
 1.86571389e+18 2.14683495e+18 2.47031462e+18 2.84253539e+18
 3.27084144e+18 3.76368357e+18 4.33078591e+18 4.98333779e+18
 5.73421454e+18 6.59823151e+18 7.59243637e+18 8.73644550e+18
 1.00528310e+19 1.15675662e+19 1.33105379e+19 1.53161361e+19
 1.76239329e+19 2.02794626e+19 2.33351208e+19 2.68511978e+19
 3.08970685e+19 3.55525607e+19 4.09095308e+19 4.70736756e+19
 5.41666181e+19 6.23283074e+19 7.17197793e+19 8.25263345e+19
 9.49611942e+19 1.09269707e+20 1.25734191e+20 1.44679501e+20
 1.66479443e+20 1.91564145e+20 2.20428546e+20 2.53642163e+20
 2.91860324e+20 3.35837100e+20 3.86440186e+20 4.44668017e+20
 5.11669471e+20 5.88766535e+20 6.77480389e+20 7.79561424e+20
 8.97023770e+20 1.03218505e+21 1.18771208e+21 1.36667354e+21
 1.57260046e+21 1.80955592e+21 2.08221524e+21 2.39595817e+21
 2.75697510e+21 3.17238914e+21 3.65039673e+21 4.20042929e+21
 4.83333936e+21 5.56161473e+21 6.39962480e+21 7.36390410e+21
 8.47347857e+21 9.75024092e+21 1.12193826e+22 1.29098908e+22
 1.48551206e+22 1.70934526e+22 1.96690509e+22 2.26327338e+22
 2.60429770e+22 2.99670670e+22 3.44824290e+22 3.96781543e+22
 4.56567584e+22 5.25362034e+22 6.04522259e+22 6.95610146e+22
 8.00422926e+22 9.21028631e+22 1.05980690e+23 1.21949593e+23
 1.40324649e+23 1.61468413e+23 1.85798066e+23 2.13793649e+23
 2.46007536e+23 2.83075330e+23 3.25728406e+23 3.74808340e+23
 4.31283514e+23 4.96268225e+23 5.71044667e+23 6.57088236e+23
 7.56096632e+23 8.70023362e+23 1.00111629e+24 1.15196196e+24
 1.32553668e+24 1.52526520e+24 1.75508830e+24 2.01954058e+24
 2.32383985e+24 2.67399017e+24 3.07690026e+24 3.54051982e+24
 4.07399640e+24 4.68785589e+24 5.39421018e+24 6.20699615e+24
 7.14225065e+24 8.21842694e+24 9.45675875e+24 1.08816793e+25
 1.25213032e+25 1.44079816e+25 1.65789399e+25 1.90770126e+25
 2.19514887e+25 2.52590836e+25 2.90650585e+25 3.34445082e+25
 3.84838422e+25 4.42824903e+25 5.09548642e+25 5.86326144e+25
 6.74672287e+25 7.76330203e+25 8.93305677e+25 1.02790672e+26
 1.18278911e+26 1.36100879e+26 1.56608215e+26 1.80205546e+26
 2.07358462e+26 2.38602711e+26 2.74554765e+26 3.15923984e+26
 3.63526612e+26 4.18301884e+26 4.81330555e+26 5.53856228e+26
 6.37309886e+26 7.33338130e+26 8.43835667e+26 9.70982694e+26
 1.11728791e+27 1.28563804e+27 1.47935473e+27 1.70226016e+27
 1.95875242e+27 2.25389229e+27 2.59350309e+27 2.98428559e+27
 3.43395020e+27 3.95136915e+27 4.54675147e+27 5.23184450e+27
 6.02016562e+27 6.92726897e+27 7.97105236e+27 9.17211040e+27
 1.05541408e+28 1.21444121e+28 1.39743015e+28 1.60799139e+28
 1.85027947e+28 2.12907491e+28 2.44987854e+28 2.81902005e+28
 3.24378288e+28 3.73254789e+28 4.29495878e+28 4.94211232e+28
 5.68677732e+28 6.54364657e+28 7.52962671e+28 8.66417184e+28
 9.96966737e+28 1.14718717e+29 1.32004243e+29 1.51894309e+29
 1.74781360e+29 2.01116974e+29 2.31420772e+29 2.66290669e+29
 3.06414675e+29 3.52584464e+29 4.05711001e+29 4.66842510e+29
 5.37185160e+29 6.18126864e+29 7.11264658e+29 8.18436221e+29
 9.41756124e+29 1.08365756e+30 1.24694034e+30 1.43482616e+30
 1.65102215e+30 1.89979399e+30 2.18605015e+30 2.51543867e+30]
Valeur de x : [[ 2.          2.02005013  2.04010025 ...  9.95989975  9.97994987
  10.        ]
 [ 2.02005013  2.04005     2.06004987 ...  9.96000025  9.98000013
  10.        ]
 [ 2.04010025  2.06004987  2.0799995  ...  9.96010075  9.98005038
  10.        ]
 ...
 [ 9.95989975  9.96000025  9.96010075 ...  9.999799    9.9998995
  10.        ]
 [ 9.97994987  9.98000013  9.98005038 ...  9.9998995   9.99994975
  10.        ]
 [10.         10.         10.         ... 10.         10.
  10.        ]]
Valeur de y : [2.40520857e+06 2.76761932e+06 3.18463721e+06 3.66449030e+06
 4.21664645e+06 4.85200008e+06 5.58308720e+06 6.42433268e+06
 7.39233491e+06 8.50619326e+06 9.78788498e+06 1.12626988e+07
 1.29597338e+07 1.49124737e+07 1.71594476e+07 1.97449898e+07
 2.27201151e+07 2.61435246e+07 3.00827649e+07 3.46155599e+07
 3.98313451e+07 4.58330315e+07 5.27390370e+07 6.06856219e+07
 6.98295781e+07 8.03513226e+07 9.24584570e+07 1.06389864e+08
 1.22420420e+08 1.40866419e+08 1.62091816e+08 1.86515401e+08
 2.14619071e+08 2.46957330e+08 2.84168237e+08 3.26985989e+08
 3.76255413e+08 4.32948628e+08 4.98184234e+08 5.73249376e+08
 6.59625144e+08 7.59015795e+08 8.73382378e+08 1.00498143e+09
 1.15640949e+09 1.33065435e+09 1.53115399e+09 1.76186441e+09
 2.02733769e+09 2.33281181e+09 2.68431400e+09 3.08877966e+09
 3.55418918e+09 4.08972543e+09 4.70595492e+09 5.41503633e+09
 6.23096033e+09 7.16982569e+09 8.25015692e+09 9.49326973e+09
 1.09236916e+10 1.25696459e+10 1.44636084e+10 1.66429484e+10
 1.91506658e+10 2.20362398e+10 2.53566047e+10 2.91772739e+10
 3.35736319e+10 3.86324219e+10 4.44534577e+10 5.11515924e+10
 5.88589852e+10 6.77277084e+10 7.79327485e+10 8.96754582e+10
 1.03187530e+11 1.18735566e+11 1.36626341e+11 1.57212853e+11
 1.80901289e+11 2.08159039e+11 2.39523917e+11 2.75614776e+11
 3.17143714e+11 3.64930128e+11 4.19916878e+11 4.83188893e+11
 5.55994575e+11 6.39770433e+11 7.36169426e+11 8.47093576e+11
 9.74731497e+11 1.12160158e+12 1.29060167e+12 1.48506627e+12
 1.70883231e+12 1.96631484e+12 2.26259420e+12 2.60351618e+12
 2.99580742e+12 3.44720811e+12 3.96662473e+12 4.56430572e+12
 5.25204378e+12 6.04340848e+12 6.95401400e+12 8.00182727e+12
 9.20752239e+12 1.05948886e+13 1.21912997e+13 1.40282539e+13
 1.61419958e+13 1.85742310e+13 2.13729492e+13 2.45933712e+13
 2.82990382e+13 3.25630658e+13 3.74695864e+13 4.31154090e+13
 4.96119299e+13 5.70873302e+13 6.56891050e+13 7.55869734e+13
 8.69762277e+13 1.00081586e+14 1.15161627e+14 1.32513890e+14
 1.52480748e+14 1.75456162e+14 2.01893453e+14 2.32314249e+14
 2.67318773e+14 3.07597691e+14 3.53945734e+14 4.07277384e+14
 4.68644911e+14 5.39259143e+14 6.20513349e+14 7.14010733e+14
 8.21596067e+14 9.45392087e+14 1.08784138e+15 1.25175457e+15
 1.44036579e+15 1.65739647e+15 1.90712878e+15 2.19449013e+15
 2.52515036e+15 2.90563364e+15 3.34344718e+15 3.84722936e+15
 4.42692016e+15 5.09395731e+15 5.86150193e+15 6.74469824e+15
 7.76097234e+15 8.93037605e+15 1.02759826e+16 1.18243417e+16
 1.36060036e+16 1.56561219e+16 1.80151468e+16 2.07296236e+16
 2.38531109e+16 2.74472374e+16 3.15829178e+16 3.63417521e+16
 4.18176356e+16 4.81186113e+16 5.53690021e+16 6.37118635e+16
 7.33118062e+16 8.43582440e+16 9.70691312e+16 1.11695263e+17
 1.28525223e+17 1.47891079e+17 1.70174933e+17 1.95816462e+17
 2.25321592e+17 2.59272481e+17 2.98339003e+17 3.43291971e+17
 3.95018338e+17 4.54538704e+17 5.23027447e+17 6.01835902e+17
 6.92519016e+17 7.96866033e+17 9.16935794e+17 1.05509736e+18
 1.21407677e+18 1.39701079e+18 1.60750885e+18 1.84972422e+18
 2.12843600e+18 2.44914336e+18 2.81817409e+18 3.24280945e+18
 3.73142779e+18 4.29366990e+18 4.94062924e+18 5.68507078e+18
 6.54168288e+18 7.52736714e+18 8.66157181e+18 9.96667558e+18
 1.14684291e+19 1.31964630e+19 1.51848727e+19 1.74728910e+19
 2.01056621e+19 2.31351325e+19 2.66210758e+19 3.06322723e+19
 3.52478657e+19 4.05589251e+19 4.66702415e+19 5.37023956e+19
 6.17941370e+19 7.11051215e+19 8.18190616e+19 9.41473512e+19
 1.08333236e+20 1.24656615e+20 1.43439559e+20 1.65052669e+20
 1.89922388e+20 2.18539414e+20 2.51468381e+20 2.89359002e+20
 3.32958886e+20 3.83128290e+20 4.40857093e+20 5.07284326e+20
 5.83720647e+20 6.71674200e+20 7.72880372e+20 8.89336035e+20
 1.02333894e+21 1.17753307e+21 1.35496078e+21 1.55912285e+21
 1.79404754e+21 2.06437009e+21 2.37542416e+21 2.73334708e+21
 3.14520091e+21 3.61911184e+21 4.16443048e+21 4.79191634e+21
 5.51395020e+21 6.34477829e+21 7.30079345e+21 8.40085857e+21
 9.66667873e+21 1.11232295e+22 1.27992496e+22 1.47278082e+22
 1.69469571e+22 1.95004818e+22 2.24387652e+22 2.58197817e+22
 2.97102412e+22 3.41869053e+22 3.93381018e+22 4.52654676e+22
 5.20859540e+22 5.99341340e+22 6.89648580e+22 7.93563086e+22
 9.13135167e+22 1.05072407e+23 1.20904452e+23 1.39122029e+23
 1.60084585e+23 1.84205726e+23 2.11961380e+23 2.43899185e+23
 2.80649298e+23 3.22936826e+23 3.71596131e+23 4.27587298e+23
 4.92015072e+23 5.66150661e+23 6.51456812e+23 7.49616680e+23
 8.62567028e+23 9.92536449e+23 1.14208933e+24 1.31417647e+24
 1.51219326e+24 1.74004672e+24 2.00223257e+24 2.30392392e+24
 2.65107336e+24 3.05053039e+24 3.51017661e+24 4.03908116e+24
 4.64767970e+24 5.34798034e+24 6.15380052e+24 7.08103964e+24
 8.14799281e+24 9.37571178e+24 1.07884204e+25 1.24139923e+25
 1.42845013e+25 1.64368539e+25 1.89135175e+25 2.17633586e+25
 2.50426065e+25 2.88159632e+25 3.31578797e+25 3.81540253e+25
 4.39029775e+25 5.05181672e+25 5.81301171e+25 6.68890163e+25
 7.69676844e+25 8.85649807e+25 1.01909728e+26 1.17265229e+26
 1.34934457e+26 1.55266041e+26 1.78661135e+26 2.05581344e+26
 2.36557822e+26 2.72201757e+26 3.13216430e+26 3.60411091e+26
 4.14716924e+26 4.77205423e+26 5.49109531e+26 6.31847968e+26
 7.27053224e+26 8.36603768e+26 9.62661111e+26 1.10771246e+27
 1.27461977e+27 1.46667626e+27 1.68767133e+27 1.94196539e+27
 2.23457583e+27 2.57127607e+27 2.95870946e+27 3.40452032e+27
 3.91750485e+27 4.50778459e+27 5.18700618e+27 5.96857117e+27
 6.86790041e+27 7.90273829e+27 9.09350294e+27 1.04636890e+28
 1.20403312e+28 1.38545379e+28 1.59421047e+28 1.83442208e+28
 2.11082817e+28 2.42888242e+28 2.79486029e+28 3.21598278e+28
 3.70055895e+28 4.25814982e+28 4.89975708e+28 5.63804011e+28
 6.48756575e+28 7.46509578e+28 8.58991755e+28 9.88422464e+28
 1.13735546e+29 1.30872931e+29 1.50592534e+29 1.73283437e+29
 1.99393347e+29 2.29437434e+29 2.64008487e+29 3.03788619e+29
 3.49562720e+29 4.02233948e+29 4.62841544e+29 5.32581339e+29
 6.12829350e+29 7.05168929e+29 8.11422002e+29 9.33685020e+29
 1.07437032e+30 1.23625373e+30 1.42252932e+30 1.63687244e+30
 1.88351225e+30 2.16731512e+30 2.49388068e+30 2.86965233e+30
 3.30204429e+30 3.79958799e+30 4.37210031e+30 5.03087734e+30]
Valeur de x : [[ 2.          2.02005013  2.04010025 ...  9.95989975  9.97994987
  10.        ]
 [ 2.02005013  2.04005     2.06004987 ...  9.96000025  9.98000013
  10.        ]
 [ 2.04010025  2.06004987  2.0799995  ...  9.96010075  9.98005038
  10.        ]
 ...
 [ 9.95989975  9.96000025  9.96010075 ...  9.999799    9.9998995
  10.        ]
 [ 9.97994987  9.98000013  9.98005038 ...  9.9998995   9.99994975
  10.        ]
 [10.         10.         10.         ... 10.         10.
  10.        ]]
Valeur de y : [3.60781285e+06 4.15142898e+06 4.77695582e+06 5.49673545e+06
 6.32496967e+06 7.27800013e+06 8.37463081e+06 9.63649903e+06
 1.10885024e+07 1.27592899e+07 1.46818275e+07 1.68940482e+07
 1.94396007e+07 2.23687106e+07 2.57391714e+07 2.96174848e+07
 3.40801726e+07 3.92152869e+07 4.51241473e+07 5.19233399e+07
 5.97470176e+07 6.87495473e+07 7.91085555e+07 9.10284328e+07
 1.04744367e+08 1.20526984e+08 1.38687685e+08 1.59584796e+08
 1.83630630e+08 2.11299629e+08 2.43137724e+08 2.79773102e+08
 3.21928606e+08 3.70435995e+08 4.26252356e+08 4.90478984e+08
 5.64383119e+08 6.49422942e+08 7.47276351e+08 8.59874064e+08
 9.89437716e+08 1.13852369e+09 1.31007357e+09 1.50747214e+09
 1.73461424e+09 1.99598153e+09 2.29673099e+09 2.64279661e+09
 3.04100653e+09 3.49921772e+09 4.02647101e+09 4.63316949e+09
 5.33128377e+09 6.13458814e+09 7.05893239e+09 8.12255449e+09
 9.34644049e+09 1.07547385e+10 1.23752354e+10 1.42399046e+10
 1.63855375e+10 1.88544689e+10 2.16954126e+10 2.49644226e+10
 2.87259987e+10 3.30543597e+10 3.80349071e+10 4.37659109e+10
 5.03604478e+10 5.79486329e+10 6.66801865e+10 7.67273886e+10
 8.82884778e+10 1.01591563e+11 1.16899123e+11 1.34513187e+11
 1.54781295e+11 1.78103349e+11 2.04939512e+11 2.35819280e+11
 2.71351934e+11 3.12238558e+11 3.59285875e+11 4.13422164e+11
 4.75715571e+11 5.47395192e+11 6.29875317e+11 7.24783339e+11
 8.33991862e+11 9.59655650e+11 1.10425414e+12 1.27064036e+12
 1.46209725e+12 1.68240237e+12 1.93590251e+12 2.22759941e+12
 2.56324846e+12 2.94947226e+12 3.39389129e+12 3.90527426e+12
 4.49371113e+12 5.17081217e+12 5.94993709e+12 6.84645858e+12
 7.87806567e+12 9.06511271e+12 1.04310210e+13 1.20027409e+13
 1.38112836e+13 1.58923329e+13 1.82869495e+13 2.10423809e+13
 2.42129937e+13 2.78613464e+13 3.20594237e+13 3.68900567e+13
 4.24485573e+13 4.88445988e+13 5.62043795e+13 6.46731135e+13
 7.44178949e+13 8.56309954e+13 9.85336575e+13 1.13380460e+14
 1.30464342e+14 1.50122379e+14 1.72742440e+14 1.98770835e+14
 2.28721122e+14 2.63184243e+14 3.02840180e+14 3.48471374e+14
 4.00978160e+14 4.61396537e+14 5.30918601e+14 6.10916076e+14
 7.02967367e+14 8.08888714e+14 9.30770023e+14 1.07101610e+15
 1.23239410e+15 1.41808813e+15 1.63176207e+15 1.87763186e+15
 2.16054868e+15 2.48609470e+15 2.86069317e+15 3.29173520e+15
 3.78772554e+15 4.35845046e+15 5.01517077e+15 5.77084404e+15
 6.64038024e+15 7.64093597e+15 8.79225290e+15 1.01170474e+16
 1.16414585e+16 1.33955641e+16 1.54139738e+16 1.77365125e+16
 2.04090054e+16 2.34841828e+16 2.70227201e+16 3.10944354e+16
 3.57796664e+16 4.11708561e+16 4.73743768e+16 5.45126282e+16
 6.27264534e+16 7.21779169e+16 8.30535032e+16 9.55677953e+16
 1.09967709e+17 1.26537366e+17 1.45603697e+17 1.67542894e+17
 1.92787834e+17 2.21836618e+17 2.55262400e+17 2.93724693e+17
 3.37982388e+17 3.88908721e+17 4.47508505e+17 5.14937956e+17
 5.92527507e+17 6.81808055e+17 7.84541171e+17 9.02753854e+17
 1.03877852e+18 1.19529905e+18 1.37540369e+18 1.58264605e+18
 1.82111515e+18 2.09551619e+18 2.41126327e+18 2.77458633e+18
 3.19265400e+18 3.67371504e+18 4.22726114e+18 4.86421417e+18
 5.59714168e+18 6.44050485e+18 7.41094386e+18 8.52760616e+18
 9.81252433e+18 1.12910507e+19 1.29923577e+19 1.49500134e+19
 1.72026436e+19 1.97946945e+19 2.27773091e+19 2.62093365e+19
 3.01584931e+19 3.47026987e+19 3.99316137e+19 4.59484084e+19
 5.28717986e+19 6.08383877e+19 7.00053623e+19 8.05535934e+19
 9.26912055e+19 1.06657682e+20 1.22728592e+20 1.41221027e+20
 1.62499854e+20 1.86984922e+20 2.15159338e+20 2.47579004e+20
 2.84883583e+20 3.27809121e+20 3.77202572e+20 4.34038503e+20
 4.99438328e+20 5.74692434e+20 6.61285639e+20 7.60926489e+20
 8.75580971e+20 1.00751130e+21 1.15932056e+21 1.33400405e+21
 1.53500841e+21 1.76629960e+21 2.03244117e+21 2.33868427e+21
 2.69107131e+21 3.09655514e+21 3.56313625e+21 4.10002062e+21
 4.71780137e+21 5.42866777e+21 6.24664571e+21 7.18787452e+21
 8.27092529e+21 9.51716743e+21 1.09511902e+22 1.26012879e+22
 1.45000181e+22 1.66848442e+22 1.91988744e+22 2.20917123e+22
 2.54204357e+22 2.92507228e+22 3.36581478e+22 3.87296725e+22
 4.45653617e+22 5.12803579e+22 5.90071527e+22 6.78982015e+22
 7.81289310e+22 8.99012010e+22 1.03447287e+23 1.19034463e+23
 1.36970275e+23 1.57608610e+23 1.81356678e+23 2.08683044e+23
 2.40126878e+23 2.76308589e+23 3.17942070e+23 3.65848778e+23
 4.20973948e+23 4.84405239e+23 5.57394197e+23 6.41380947e+23
 7.38022608e+23 8.49225991e+23 9.77185219e+23 1.12442502e+24
 1.29385054e+24 1.48880467e+24 1.71313400e+24 1.97126471e+24
 2.26828989e+24 2.61007009e+24 3.00334886e+24 3.45588588e+24
 3.97661003e+24 4.57579559e+24 5.26526491e+24 6.05862173e+24
 6.97151956e+24 8.02197052e+24 9.23070077e+24 1.06215595e+25
 1.22219892e+25 1.40635677e+25 1.61826305e+25 1.86209884e+25
 2.14267519e+25 2.46552808e+25 2.83702763e+25 3.26450378e+25
 3.75639097e+25 4.32239447e+25 4.97368196e+25 5.72310379e+25
 6.58544662e+25 7.57772509e+25 8.71951756e+25 1.00333524e+26
 1.15451527e+26 1.32847471e+26 1.52864592e+26 1.75897843e+26
 2.02401686e+26 2.32899061e+26 2.67991703e+26 3.08372016e+26
 3.54836733e+26 4.08302636e+26 4.69824646e+26 5.40616637e+26
 6.22075386e+26 7.15808134e+26 8.23664296e+26 9.47771952e+26
 1.09057984e+27 1.25490565e+27 1.44399167e+27 1.66156868e+27
 1.91192966e+27 2.20001439e+27 2.53150700e+27 2.91294808e+27
 3.35186374e+27 3.85691411e+27 4.43806418e+27 5.10678049e+27
 5.87625727e+27 6.76167688e+27 7.78050927e+27 8.95285676e+27
 1.03018506e+28 1.18541074e+28 1.36402544e+28 1.56955335e+28
 1.80604968e+28 2.07818069e+28 2.39131571e+28 2.75163312e+28
 3.16624225e+28 3.64332363e+28 4.19229044e+28 4.82397417e+28
 5.55083842e+28 6.38722473e+28 7.34963563e+28 8.45706016e+28
 9.73134863e+28 1.11976437e+29 1.28848763e+29 1.48263370e+29
 1.70603320e+29 1.96309397e+29 2.25888801e+29 2.59925155e+29
 2.99090021e+29 3.44156150e+29 3.96012730e+29 4.55682928e+29
 5.24344081e+29 6.03350922e+29 6.94262316e+29 7.98872008e+29
 9.19244025e+29 1.05775339e+30 1.21713300e+30 1.40052753e+30
 1.61155548e+30 1.85438059e+30 2.13379397e+30 2.45530866e+30
 2.82526837e+30 3.25097267e+30 3.74082103e+30 4.30447849e+30
 4.95306644e+30 5.69938198e+30 6.55815046e+30 7.54631601e+30]
Valeur de x : [[ 2.          2.02005013  2.04010025 ...  9.95989975  9.97994987
  10.        ]
 [ 2.02005013  2.04005     2.06004987 ...  9.96000025  9.98000013
  10.        ]
 [ 2.04010025  2.06004987  2.0799995  ...  9.96010075  9.98005038
  10.        ]
 ...
 [ 9.95989975  9.96000025  9.96010075 ...  9.999799    9.9998995
  10.        ]
 [ 9.97994987  9.98000013  9.98005038 ...  9.9998995   9.99994975
  10.        ]
 [10.         10.         10.         ... 10.         10.
  10.        ]]
Valeur de y : [4.81041714e+06 5.53523864e+06 6.36927442e+06 7.32898061e+06
 8.43329289e+06 9.70400017e+06 1.11661744e+07 1.28486654e+07
 1.47846698e+07 1.70123865e+07 1.95757700e+07 2.25253975e+07
 2.59194676e+07 2.98249475e+07 3.43188952e+07 3.94899797e+07
 4.54402301e+07 5.22870492e+07 6.01655297e+07 6.92311198e+07
 7.96626901e+07 9.16660631e+07 1.05478074e+08 1.21371244e+08
 1.39659156e+08 1.60702645e+08 1.84916914e+08 2.12779727e+08
 2.44840839e+08 2.81732839e+08 3.24183631e+08 3.73030802e+08
 4.29238142e+08 4.93914661e+08 5.68336474e+08 6.53971979e+08
 7.52510825e+08 8.65897256e+08 9.96368468e+08 1.14649875e+09
 1.31925029e+09 1.51803159e+09 1.74676476e+09 2.00996286e+09
 2.31281899e+09 2.66130871e+09 3.06230798e+09 3.52372882e+09
 4.05467538e+09 4.66562362e+09 5.36862801e+09 6.17755932e+09
 7.10837835e+09 8.17945085e+09 9.41190985e+09 1.08300727e+10
 1.24619207e+10 1.43396514e+10 1.65003138e+10 1.89865395e+10
 2.18473833e+10 2.51392918e+10 2.89272168e+10 3.32858968e+10
 3.83013317e+10 4.40724796e+10 5.07132095e+10 5.83545478e+10
 6.71472637e+10 7.72648438e+10 8.89069154e+10 1.02303185e+11
 1.17717970e+11 1.35455417e+11 1.55865497e+11 1.79350916e+11
 2.06375060e+11 2.37471132e+11 2.73252683e+11 3.14425707e+11
 3.61802578e+11 4.16318077e+11 4.79047834e+11 5.51229551e+11
 6.34287428e+11 7.29860256e+11 8.39833756e+11 9.66377785e+11
 1.11198915e+12 1.27954087e+12 1.47233885e+12 1.69418715e+12
 1.94946299e+12 2.24320315e+12 2.58120334e+12 2.97013254e+12
 3.41766461e+12 3.93262968e+12 4.52518839e+12 5.20703235e+12
 5.99161484e+12 6.89441623e+12 7.93324945e+12 9.12861145e+12
 1.05040876e+13 1.20868170e+13 1.39080280e+13 1.60036545e+13
 1.84150448e+13 2.11897772e+13 2.43825993e+13 2.80565078e+13
 3.22839916e+13 3.71484619e+13 4.27458983e+13 4.91867423e+13
 5.65980764e+13 6.51261317e+13 7.49391727e+13 8.62308180e+13
 9.92238599e+13 1.14174660e+14 1.31378210e+14 1.51173947e+14
 1.73952455e+14 2.00163172e+14 2.30323253e+14 2.65027779e+14
 3.04961496e+14 3.50912324e+14 4.03786907e+14 4.64628498e+14
 5.34637547e+14 6.15195382e+14 7.07891469e+14 8.14554767e+14
 9.37289823e+14 1.07851829e+15 1.24102670e+15 1.42802147e+15
 1.64319213e+15 1.89078417e+15 2.17568276e+15 2.50350914e+15
 2.88073158e+15 3.31479294e+15 3.81425757e+15 4.38898026e+15
 5.05030072e+15 5.81126728e+15 6.68689436e+15 7.69445871e+15
 8.85384032e+15 1.01879146e+16 1.17230039e+16 1.34893965e+16
 1.55219447e+16 1.78607521e+16 2.05519651e+16 2.36486833e+16
 2.72120072e+16 3.13122437e+16 3.60302935e+16 4.14592472e+16
 4.77062218e+16 5.48944748e+16 6.31658357e+16 7.26835043e+16
 8.36352711e+16 9.62372226e+16 1.10738004e+17 1.27423727e+17
 1.46623612e+17 1.68716488e+17 1.94138262e+17 2.23390525e+17
 2.57050446e+17 2.95782158e+17 3.40349866e+17 3.91632924e+17
 4.50643184e+17 5.18544961e+17 5.96678007e+17 6.86583942e+17
 7.90036676e+17 9.09077407e+17 1.04605489e+18 1.20367180e+18
 1.38503803e+18 1.59373207e+18 1.83387159e+18 2.11019473e+18
 2.42815354e+18 2.79402158e+18 3.21501770e+18 3.69944845e+18
 4.25687199e+18 4.89828672e+18 5.63634819e+18 6.48561890e+18
 7.46285557e+18 8.58733981e+18 9.88125848e+18 1.13701416e+19
 1.30833658e+19 1.50547343e+19 1.73231436e+19 1.99333512e+19
 2.29368582e+19 2.63929260e+19 3.03697455e+19 3.49457820e+19
 4.02113242e+19 4.62702650e+19 5.32421516e+19 6.12645446e+19
 7.04957314e+19 8.11178502e+19 9.33404830e+19 1.07404791e+20
 1.23588274e+20 1.42210243e+20 1.63638123e+20 1.88294702e+20
 2.16666473e+20 2.49313229e+20 2.86879117e+20 3.30105338e+20
 3.79844777e+20 4.37078829e+20 5.02936763e+20 5.78718004e+20
 6.65917771e+20 7.66256579e+20 8.81714185e+20 1.01456865e+21
 1.16744129e+21 1.34334840e+21 1.54576074e+21 1.77867207e+21
 2.04667788e+21 2.35506614e+21 2.70992156e+21 3.11824569e+21
 3.58809508e+21 4.12874019e+21 4.75084833e+21 5.46669416e+21
 6.29040183e+21 7.23822369e+21 8.32886095e+21 9.58383269e+21
 1.10279004e+22 1.26895566e+22 1.46015869e+22 1.68017171e+22
 1.93333575e+22 2.22464589e+22 2.55984992e+22 2.94556164e+22
 3.38939143e+22 3.90009637e+22 4.48775304e+22 5.16395633e+22
 5.94204823e+22 6.83738105e+22 7.86762036e+22 9.05309353e+22
 1.04171908e+23 1.19868268e+23 1.37929716e+23 1.58712617e+23
 1.82627033e+23 2.10144814e+23 2.41808903e+23 2.78244058e+23
 3.20169170e+23 3.68411452e+23 4.23922760e+23 4.87798370e+23
 5.61298597e+23 6.45873652e+23 7.43192263e+23 8.55174596e+23
 9.84030144e+23 1.13230132e+24 1.30291362e+24 1.49923336e+24
 1.72513406e+24 1.98507290e+24 2.28417867e+24 2.62835294e+24
 3.02438653e+24 3.48009345e+24 4.00446514e+24 4.60784784e+24
 5.30214671e+24 6.10106079e+24 7.02035322e+24 8.07816231e+24
 9.29535941e+24 1.06959607e+25 1.23076010e+25 1.41620793e+25
 1.62959856e+25 1.87514236e+25 2.15768407e+25 2.48279846e+25
 2.85690026e+25 3.28737078e+25 3.78270350e+25 4.35267171e+25
 5.00852129e+25 5.76319263e+25 6.63157594e+25 7.63080506e+25
 8.78059549e+25 1.01036334e+26 1.16260234e+26 1.33778033e+26
 1.53935369e+26 1.77129961e+26 2.03819457e+26 2.34530458e+26
 2.69868915e+26 3.10532081e+26 3.57322271e+26 4.11162688e+26
 4.73115644e+26 5.44403514e+26 6.26432861e+26 7.20822182e+26
 8.29433848e+26 9.54410846e+26 1.09821906e+27 1.26369594e+27
 1.45410645e+27 1.67320754e+27 1.92532222e+27 2.21542491e+27
 2.54923954e+27 2.93335252e+27 3.37534267e+27 3.88393078e+27
 4.46915166e+27 5.14255214e+27 5.91741891e+27 6.80904065e+27
 7.83500970e+27 9.01556917e+27 1.03740124e+28 1.19371423e+28
 1.37358008e+28 1.58054766e+28 1.81870059e+28 2.09273780e+28
 2.40806625e+28 2.77090759e+28 3.18842094e+28 3.66884416e+28
 4.22165633e+28 4.85776485e+28 5.58972059e+28 6.43196557e+28
 7.40111789e+28 8.51629965e+28 9.79951417e+28 1.12760802e+29
 1.29751315e+29 1.49301916e+29 1.71798351e+29 1.97684493e+29
 2.27471093e+29 2.61745863e+29 3.01185068e+29 3.46566874e+29
 3.98786695e+29 4.58874867e+29 5.28016973e+29 6.07577237e+29
 6.99125441e+29 8.04467897e+29 9.25683088e+29 1.06516268e+30
 1.22565870e+30 1.41033786e+30 1.62284400e+30 1.86737004e+30
 2.14874064e+30 2.47250745e+30 2.84505863e+30 3.27374488e+30
 3.76702449e+30 4.33463023e+30 4.98776137e+30 5.73930465e+30
 6.60408858e+30 7.59917597e+30 8.74420062e+30 1.00617547e+31]
Valeur de x : [[ 2.          2.02005013  2.04010025 ...  9.95989975  9.97994987
  10.        ]
 [ 2.02005013  2.04005     2.06004987 ...  9.96000025  9.98000013
  10.        ]
 [ 2.04010025  2.06004987  2.0799995  ...  9.96010075  9.98005038
  10.        ]
 ...
 [ 9.95989975  9.96000025  9.96010075 ...  9.999799    9.9998995
  10.        ]
 [ 9.97994987  9.98000013  9.98005038 ...  9.9998995   9.99994975
  10.        ]
 [10.         10.         10.         ... 10.         10.
  10.        ]]
Valeur de y : [6.01302142e+06 6.91904830e+06 7.96159303e+06 9.16122576e+06
 1.05416161e+07 1.21300002e+07 1.39577180e+07 1.60608317e+07
 1.84808373e+07 2.12654832e+07 2.44697125e+07 2.81567469e+07
 3.23993344e+07 3.72811843e+07 4.28986190e+07 4.93624746e+07
 5.68002876e+07 6.53588115e+07 7.52069122e+07 8.65388998e+07
 9.95783626e+07 1.14582579e+08 1.31847592e+08 1.51714055e+08
 1.74573945e+08 2.00878306e+08 2.31146142e+08 2.65974659e+08
 3.06051049e+08 3.52166049e+08 4.05229539e+08 4.66288503e+08
 5.36547677e+08 6.17393326e+08 7.10420593e+08 8.17464974e+08
 9.40638531e+08 1.08237157e+09 1.24546058e+09 1.43312344e+09
 1.64906286e+09 1.89753949e+09 2.18345595e+09 2.51245357e+09
 2.89102373e+09 3.32663589e+09 3.82788498e+09 4.40466102e+09
 5.06834422e+09 5.83202953e+09 6.71078501e+09 7.72194915e+09
 8.88547294e+09 1.02243136e+10 1.17648873e+10 1.35375908e+10
 1.55774008e+10 1.79245642e+10 2.06253923e+10 2.37331743e+10
 2.73092291e+10 3.14241148e+10 3.61590210e+10 4.16073710e+10
 4.78766646e+10 5.50905995e+10 6.33915119e+10 7.29431848e+10
 8.39340796e+10 9.65810548e+10 1.11133644e+11 1.27878981e+11
 1.47147463e+11 1.69319271e+11 1.94831871e+11 2.24188646e+11
 2.57968824e+11 2.96838915e+11 3.41565854e+11 3.93032134e+11
 4.52253223e+11 5.20397597e+11 5.98809792e+11 6.89036939e+11
 7.92859285e+11 9.12325320e+11 1.04979220e+12 1.20797223e+12
 1.38998644e+12 1.59942608e+12 1.84042357e+12 2.11773394e+12
 2.43682874e+12 2.80400394e+12 3.22650418e+12 3.71266568e+12
 4.27208076e+12 4.91578711e+12 5.65648549e+12 6.50879044e+12
 7.48951855e+12 8.61802029e+12 9.91656182e+12 1.14107643e+13
 1.31301095e+13 1.51085212e+13 1.73850350e+13 2.00045682e+13
 2.30188060e+13 2.64872215e+13 3.04782492e+13 3.50706348e+13
 4.03549895e+13 4.64355774e+13 5.34323729e+13 6.14834279e+13
 7.07475956e+13 8.14076646e+13 9.36739659e+13 1.07788522e+14
 1.24029825e+14 1.42718326e+14 1.64222762e+14 1.88967434e+14
 2.17440569e+14 2.50203965e+14 2.87904067e+14 3.31284724e+14
 3.81201870e+14 4.38640405e+14 5.04733633e+14 5.80785623e+14
 6.68296933e+14 7.68994228e+14 8.84864336e+14 1.01819346e+15
 1.17161228e+15 1.34814786e+15 1.55128337e+15 1.78502683e+15
 2.05399017e+15 2.36348022e+15 2.71960345e+15 3.12938643e+15
 3.60091447e+15 4.14349117e+15 4.76782196e+15 5.48622533e+15
 6.31287590e+15 7.26408410e+15 8.35861795e+15 9.61807339e+15
 1.10673004e+16 1.27348933e+16 1.46537548e+16 1.68617456e+16
 1.94024308e+16 2.23259401e+16 2.56899564e+16 2.95608542e+16
 3.40150090e+16 3.91403047e+16 4.50378669e+16 5.18240590e+16
 5.96327773e+16 6.86180936e+16 7.89572946e+16 9.08543803e+16
 1.04544089e+17 1.20296528e+17 1.38422505e+17 1.59279659e+17
 1.83279516e+17 2.10895610e+17 2.42672828e+17 2.79238157e+17
 3.21313057e+17 3.69727697e+17 4.25437333e+17 4.89541156e+17
 5.63303980e+17 6.48181202e+17 7.45847508e+17 8.58229927e+17
 9.87545845e+17 1.13634676e+18 1.30756862e+18 1.50458976e+18
 1.73129754e+18 1.99216508e+18 2.29233948e+18 2.63774341e+18
 3.03519192e+18 3.49252698e+18 4.01877212e+18 4.62431056e+18
 5.32108999e+18 6.12285840e+18 7.04543524e+18 8.10702362e+18
 9.32856947e+18 1.07341748e+19 1.23515731e+19 1.42126769e+19
 1.63542072e+19 1.88184178e+19 2.16539295e+19 2.49166889e+19
 2.86710727e+19 3.29911575e+19 3.79621818e+19 4.36822275e+19
 5.02641552e+19 5.78378312e+19 6.65526895e+19 7.65806807e+19
 8.81196643e+19 1.01397313e+20 1.16675604e+20 1.34255989e+20
 1.54485342e+20 1.77762804e+20 2.04547654e+20 2.35368378e+20
 2.70833091e+20 3.11641537e+20 3.58598897e+20 4.12631673e+20
 4.74805971e+20 5.46348536e+20 6.28670953e+20 7.23397505e+20
 8.32397214e+20 9.57820724e+20 1.10214273e+21 1.26821081e+21
 1.45930162e+21 1.67918550e+21 1.93220093e+21 2.22334009e+21
 2.55834736e+21 2.94383267e+21 3.38740195e+21 3.89780712e+21
 4.48511885e+21 5.16092523e+21 5.93856041e+21 6.83336770e+21
 7.86300228e+21 9.04777961e+21 1.04110762e+22 1.19797909e+22
 1.37848755e+22 1.58619457e+22 1.82519836e+22 2.10021464e+22
 2.41666968e+22 2.78080737e+22 3.19981240e+22 3.68195205e+22
 4.23673928e+22 4.87512046e+22 5.60969130e+22 6.45494542e+22
 7.42756029e+22 8.54672632e+22 9.83452545e+22 1.13163669e+23
 1.30214885e+23 1.49835335e+23 1.72412145e+23 1.98390771e+23
 2.28283792e+23 2.62681017e+23 3.02261129e+23 3.47805073e+23
 4.00211463e+23 4.60514315e+23 5.29903450e+23 6.09747963e+23
 7.01623246e+23 8.07342065e+23 9.28990328e+23 1.06896824e+24
 1.23003768e+24 1.41537665e+24 1.62864203e+24 1.87404170e+24
 2.15641757e+24 2.48134112e+24 2.85522334e+24 3.28544118e+24
 3.78048316e+24 4.35011681e+24 5.00558143e+24 5.75980980e+24
 6.62768339e+24 7.62632598e+24 8.77544152e+24 1.00977029e+25
 1.16191993e+25 1.33699509e+25 1.53845013e+25 1.77025991e+25
 2.03699820e+25 2.34392795e+25 2.69710509e+25 3.10349807e+25
 3.57112532e+25 4.10921347e+25 4.72837938e+25 5.44083964e+25
 6.26065162e+25 7.20399079e+25 8.28946993e+25 9.53850632e+25
 1.09757444e+26 1.26295418e+26 1.45325293e+26 1.67222541e+26
 1.92419211e+26 2.21412452e+26 2.54774321e+26 2.93163072e+26
 3.37336143e+26 3.88165101e+26 4.46652839e+26 5.13953360e+26
 5.91394555e+26 6.80504393e+26 7.83041076e+26 9.01027728e+26
 1.03679231e+27 1.19301356e+27 1.37277383e+27 1.57961992e+27
 1.81763306e+27 2.09150942e+27 2.40665278e+27 2.76928114e+27
 3.18654943e+27 3.66669065e+27 4.21917833e+27 4.85491347e+27
 5.58643957e+27 6.42819018e+27 7.39677364e+27 8.51130081e+27
 9.79376212e+27 1.12694615e+28 1.29675155e+28 1.49214279e+28
 1.71697510e+28 1.97568457e+28 2.27337574e+28 2.61592225e+28
 3.01008281e+28 3.46363448e+28 3.98552618e+28 4.58605520e+28
 5.27707041e+28 6.07220606e+28 6.98715073e+28 8.03995696e+28
 9.25139737e+28 1.06453746e+29 1.22493927e+29 1.40951003e+29
 1.62189144e+29 1.86627394e+29 2.14747939e+29 2.47105616e+29
 2.84338866e+29 3.27182328e+29 3.76481335e+29 4.33208592e+29
 4.98483369e+29 5.73593584e+29 6.60021216e+29 7.59471546e+29
 8.73906801e+29 1.00558487e+30 1.15710386e+30 1.33145335e+30
 1.53207337e+30 1.76292232e+30 2.02855500e+30 2.33421255e+30
 2.68592580e+30 3.09063432e+30 3.55632329e+30 4.09218110e+30
 4.70878062e+30 5.41828779e+30 6.23470171e+30 7.17413082e+30
 8.25511073e+30 9.49896997e+30 1.09302508e+31 1.25771934e+31]
Valeur de x : [[ 2.          2.02005013  2.04010025 ...  9.95989975  9.97994987
  10.        ]
 [ 2.02005013  2.04005     2.06004987 ...  9.96000025  9.98000013
  10.        ]
 [ 2.04010025  2.06004987  2.0799995  ...  9.96010075  9.98005038
  10.        ]
 ...
 [ 9.95989975  9.96000025  9.96010075 ...  9.999799    9.9998995
  10.        ]
 [ 9.97994987  9.98000013  9.98005038 ...  9.9998995   9.99994975
  10.        ]
 [10.         10.         10.         ... 10.         10.
  10.        ]]
Valeur de y : [7.21562570e+06 8.30285796e+06 9.55391163e+06 1.09934709e+07
 1.26499393e+07 1.45560003e+07 1.67492616e+07 1.92729981e+07
 2.21770047e+07 2.55185798e+07 2.93636549e+07 3.37880963e+07
 3.88792013e+07 4.47374212e+07 5.14783428e+07 5.92349695e+07
 6.81603452e+07 7.84305738e+07 9.02482946e+07 1.03846680e+08
 1.19494035e+08 1.37499095e+08 1.58217111e+08 1.82056866e+08
 2.09488734e+08 2.41053968e+08 2.77375371e+08 3.19169591e+08
 3.67261259e+08 4.22599258e+08 4.86275447e+08 5.59546203e+08
 6.43857212e+08 7.40871991e+08 8.52504711e+08 9.80957968e+08
 1.12876624e+09 1.29884588e+09 1.49455270e+09 1.71974813e+09
 1.97887543e+09 2.27704739e+09 2.62014713e+09 3.01494429e+09
 3.46922848e+09 3.99196306e+09 4.59346198e+09 5.28559323e+09
 6.08201307e+09 6.99843543e+09 8.05294201e+09 9.26633898e+09
 1.06625675e+10 1.22691763e+10 1.41178648e+10 1.62451090e+10
 1.86928810e+10 2.15094771e+10 2.47504708e+10 2.84798092e+10
 3.27710749e+10 3.77089377e+10 4.33908252e+10 4.99288452e+10
 5.74519975e+10 6.61087194e+10 7.60698142e+10 8.75318217e+10
 1.00720896e+11 1.15897266e+11 1.33360373e+11 1.53454777e+11
 1.76576956e+11 2.03183125e+11 2.33798245e+11 2.69026375e+11
 3.09562589e+11 3.56206699e+11 4.09879024e+11 4.71638560e+11
 5.42703868e+11 6.24477116e+11 7.18571751e+11 8.26844327e+11
 9.51431142e+11 1.09479038e+12 1.25975063e+12 1.44956668e+12
 1.66798372e+12 1.91931130e+12 2.20850828e+12 2.54128073e+12
 2.92419449e+12 3.36480473e+12 3.87180501e+12 4.45519881e+12
 5.12649692e+12 5.89894453e+12 6.78778259e+12 7.81054853e+12
 8.98742225e+12 1.03416243e+13 1.18998742e+13 1.36929172e+13
 1.57561313e+13 1.81302254e+13 2.08620420e+13 2.40054818e+13
 2.76225672e+13 3.17846658e+13 3.65738990e+13 4.20847618e+13
 4.84259874e+13 5.57226929e+13 6.41188475e+13 7.37801135e+13
 8.48971147e+13 9.76891975e+13 1.12408759e+14 1.29346227e+14
 1.48835790e+14 1.71261991e+14 1.97067315e+14 2.26760920e+14
 2.60928683e+14 3.00244758e+14 3.45484880e+14 3.97541669e+14
 4.57442244e+14 5.26368486e+14 6.05680360e+14 6.96942747e+14
 8.01956320e+14 9.22793073e+14 1.06183720e+15 1.22183215e+15
 1.40593473e+15 1.61777743e+15 1.86154005e+15 2.14203220e+15
 2.46478820e+15 2.83617626e+15 3.26352414e+15 3.75526371e+15
 4.32109737e+15 4.97218941e+15 5.72138635e+15 6.58347039e+15
 7.57545109e+15 8.71690092e+15 1.00303415e+16 1.15416881e+16
 1.32807605e+16 1.52818719e+16 1.75845058e+16 2.02340947e+16
 2.32829170e+16 2.67911282e+16 3.08279477e+16 3.54730250e+16
 4.08180108e+16 4.69683656e+16 5.40454403e+16 6.21888707e+16
 7.15593327e+16 8.23417123e+16 9.47487535e+16 1.09025256e+17
 1.25452907e+17 1.44355834e+17 1.66107006e+17 1.91135591e+17
 2.19935419e+17 2.53074732e+17 2.91207394e+17 3.35085788e+17
 3.85575668e+17 4.43673236e+17 5.10524799e+17 5.87449387e+17
 6.75964777e+17 7.77817442e+17 8.95017010e+17 1.02987591e+18
 1.18505501e+18 1.36361611e+18 1.56908234e+18 1.80550771e+18
 2.07755705e+18 2.39059810e+18 2.75080738e+18 3.16529209e+18
 3.64223031e+18 4.19103237e+18 4.82252655e+18 5.54917267e+18
 6.38530799e+18 7.34743007e+18 8.45452228e+18 9.72842835e+18
 1.11942834e+19 1.28810097e+19 1.48218877e+19 1.70552123e+19
 1.96250487e+19 2.25821014e+19 2.59847154e+19 2.99000267e+19
 3.44052872e+19 3.95893890e+19 4.55546182e+19 5.24186730e+19
 6.03169863e+19 6.94053974e+19 7.98632274e+19 9.18968169e+19
 1.05743597e+20 1.21676775e+20 1.40010725e+20 1.61107187e+20
 1.85382411e+20 2.13315364e+20 2.45457185e+20 2.82442054e+20
 3.24999709e+20 3.73969844e+20 4.30318676e+20 4.95158007e+20
 5.69767165e+20 6.55618243e+20 7.54405144e+20 8.68077006e+20
 9.98876657e+20 1.14938487e+21 1.32257128e+21 1.52185298e+21
 1.75116194e+21 2.01502260e+21 2.31864112e+21 2.66800810e+21
 3.07001683e+21 3.53259921e+21 4.06488234e+21 4.67736854e+21
 5.38214262e+21 6.19311028e+21 7.12627249e+21 8.20004124e+21
 9.43560274e+21 1.08573355e+22 1.24932914e+22 1.43757490e+22
 1.65418506e+22 1.90343349e+22 2.19023804e+22 2.52025757e+22
 2.90000362e+22 3.33696884e+22 3.83977488e+22 4.41834246e+22
 5.08408714e+22 5.85014455e+22 6.73162956e+22 7.74593450e+22
 8.91307235e+22 1.02560716e+23 1.18014305e+23 1.35796403e+23
 1.56257862e+23 1.79802402e+23 2.06894574e+23 2.38068926e+23
 2.73940550e+23 3.15217220e+23 3.62713355e+23 4.17366088e+23
 4.80253756e+23 5.52617179e+23 6.35884139e+23 7.31697556e+23
 8.41947895e+23 9.68810478e+23 1.11478839e+24 1.28276189e+24
 1.47604522e+24 1.69845198e+24 1.95437044e+24 2.24885004e+24
 2.58770108e+24 2.97760935e+24 3.42626800e+24 3.94252941e+24
 4.53657979e+24 5.22014017e+24 6.00669771e+24 6.91177175e+24
 7.95322007e+24 9.15159118e+24 1.05305298e+25 1.21172435e+25
 1.39430391e+25 1.60439410e+25 1.84614015e+25 2.12431189e+25
 2.44439784e+25 2.81271354e+25 3.23652611e+25 3.72419769e+25
 4.28535039e+25 4.93105616e+25 5.67405525e+25 6.52900757e+25
 7.51278194e+25 8.64478895e+25 9.94736392e+25 1.14462076e+26
 1.31708932e+26 1.51554502e+26 1.74390351e+26 2.00667049e+26
 2.30903053e+26 2.65694942e+26 3.05729185e+26 3.51795686e+26
 4.04803372e+26 4.65798122e+26 5.35983406e+26 6.16744032e+26
 7.09673466e+26 8.16605271e+26 9.39649291e+26 1.08123327e+27
 1.24415077e+27 1.43161627e+27 1.64732859e+27 1.89554390e+27
 2.18115967e+27 2.50981130e+27 2.88798333e+27 3.32313737e+27
 3.82385931e+27 4.40002878e+27 5.06301400e+27 5.82589616e+27
 6.70372749e+27 7.71382821e+27 8.87612837e+27 1.02135610e+28
 1.17525145e+28 1.35233538e+28 1.55610185e+28 1.79057135e+28
 2.06037012e+28 2.37082149e+28 2.72805088e+28 3.13910670e+28
 3.61209937e+28 4.15636138e+28 4.78263142e+28 5.50326624e+28
 6.33248450e+28 7.28664727e+28 8.38458088e+28 9.64794835e+28
 1.11016768e+29 1.27744495e+29 1.46992713e+29 1.69141203e+29
 1.94626973e+29 2.23952873e+29 2.57697527e+29 2.96526739e+29
 3.41206639e+29 3.92618794e+29 4.51777602e+29 5.19850311e+29
 5.98180042e+29 6.88312301e+29 7.92025460e+29 9.11365856e+29
 1.04868816e+30 1.20670184e+30 1.38852463e+30 1.59774402e+30
 1.83848805e+30 2.11550679e+30 2.43426601e+30 2.80105506e+30
 3.22311096e+30 3.70876118e+30 4.26758795e+30 4.91061732e+30
 5.65053674e+30 6.50194535e+30 7.48164205e+30 8.60895698e+30
 9.90613288e+30 1.13987640e+31 1.31163009e+31 1.50926320e+31]
Valeur de x : [[ 2.          2.02005013  2.04010025 ...  9.95989975  9.97994987
  10.        ]
 [ 2.02005013  2.04005     2.06004987 ...  9.96000025  9.98000013
  10.        ]
 [ 2.04010025  2.06004987  2.0799995  ...  9.96010075  9.98005038
  10.        ]
 ...
 [ 9.95989975  9.96000025  9.96010075 ...  9.999799    9.9998995
  10.        ]
 [ 9.97994987  9.98000013  9.98005038 ...  9.9998995   9.99994975
  10.        ]
 [10.         10.         10.         ... 10.         10.
  10.        ]]
Valeur de y : [8.41822999e+06 9.68666762e+06 1.11462302e+07 1.28257161e+07
 1.47582626e+07 1.69820003e+07 1.95408052e+07 2.24851644e+07
 2.58731722e+07 2.97716764e+07 3.42575974e+07 3.94194457e+07
 4.53590682e+07 5.21936581e+07 6.00580667e+07 6.91074645e+07
 7.95204027e+07 9.15023361e+07 1.05289677e+08 1.21154460e+08
 1.39409708e+08 1.60415610e+08 1.84586629e+08 2.12399677e+08
 2.44403523e+08 2.81229629e+08 3.23604599e+08 3.72364523e+08
 4.28471469e+08 4.93032468e+08 5.67321355e+08 6.52803904e+08
 7.51166748e+08 8.64350656e+08 9.94588830e+08 1.14445096e+09
 1.31689394e+09 1.51532020e+09 1.74364482e+09 2.00637282e+09
 2.30868800e+09 2.65655528e+09 3.05683832e+09 3.51743500e+09
 4.04743323e+09 4.65729024e+09 5.35903897e+09 6.16652543e+09
 7.09568191e+09 8.16484134e+09 9.39509901e+09 1.08107288e+10
 1.24396621e+10 1.43140390e+10 1.64708422e+10 1.89526271e+10
 2.18083611e+10 2.50943899e+10 2.88755492e+10 3.32264441e+10
 3.82329207e+10 4.39937607e+10 5.06226294e+10 5.82503194e+10
 6.70273304e+10 7.71268393e+10 8.87481166e+10 1.02120459e+11
 1.17507712e+11 1.35213477e+11 1.55587102e+11 1.79030573e+11
 2.06006448e+11 2.37046979e+11 2.72764620e+11 3.13864104e+11
 3.61156354e+11 4.15574482e+11 4.78192195e+11 5.50244987e+11
 6.33154512e+11 7.28556635e+11 8.38333709e+11 9.64651715e+11
 1.11000300e+12 1.27725545e+12 1.46970907e+12 1.69116112e+12
 1.94598101e+12 2.23919652e+12 2.57659299e+12 2.96482752e+12
 3.41156024e+12 3.92560552e+12 4.51710585e+12 5.19773195e+12
 5.98091307e+12 6.88210195e+12 7.91907969e+12 9.11230662e+12
 1.04853260e+13 1.20652284e+13 1.38831865e+13 1.59750700e+13
 1.83821532e+13 2.11519297e+13 2.43390490e+13 2.80063954e+13
 3.22263284e+13 3.70821102e+13 4.26695489e+13 4.90988887e+13
 5.64969853e+13 6.50098083e+13 7.48053221e+13 8.60767991e+13
 9.90466338e+13 1.13970730e+14 1.31143552e+14 1.50903931e+14
 1.73641755e+14 1.99805656e+14 2.29911867e+14 2.64554407e+14
 3.04416797e+14 3.50285551e+14 4.03065693e+14 4.63798614e+14
 5.33682618e+14 6.14096567e+14 7.06627087e+14 8.13099872e+14
 9.35615707e+14 1.07659192e+15 1.23881007e+15 1.42547084e+15
 1.64025719e+15 1.88740700e+15 2.17179672e+15 2.49903757e+15
 2.87558623e+15 3.30887231e+15 3.80744483e+15 4.38114100e+15
 5.04128026e+15 5.80088764e+15 6.67495074e+15 7.68071546e+15
 8.83802627e+15 1.01697177e+16 1.17020651e+16 1.34653028e+16
 1.54942206e+16 1.78288506e+16 2.05152568e+16 2.36064438e+16
 2.71634032e+16 3.12563162e+16 3.59659390e+16 4.13851958e+16
 4.76210126e+16 5.47964265e+16 6.30530137e+16 7.25536825e+16
 8.34858882e+16 9.60653310e+16 1.10540212e+17 1.27196132e+17
 1.46361724e+17 1.68415139e+17 1.93791507e+17 2.22991522e+17
 2.56591322e+17 2.95253854e+17 3.39741959e+17 3.90933420e+17
 4.49838280e+17 5.17618776e+17 5.95612266e+17 6.85357618e+17
 7.88625573e+17 9.07453682e+17 1.04418651e+18 1.20152190e+18
 1.38256418e+18 1.59088546e+18 1.83059607e+18 2.10642566e+18
 2.42381656e+18 2.78903111e+18 3.20927528e+18 3.69284077e+18
 4.24926869e+18 4.88953777e+18 5.62628097e+18 6.47403478e+18
 7.44952599e+18 8.57200175e+18 9.86360933e+18 1.13498331e+19
 1.30599973e+19 1.50278447e+19 1.72922023e+19 1.98977477e+19
 2.28958901e+19 2.63457850e+19 3.03155013e+19 3.48833645e+19
 4.01395018e+19 4.61876205e+19 5.31470546e+19 6.11551185e+19
 7.03698173e+19 8.09729637e+19 9.31737654e+19 1.07212953e+20
 1.23367530e+20 1.41956238e+20 1.63345845e+20 1.87958385e+20
 2.16279479e+20 2.48867925e+20 2.86366716e+20 3.29515729e+20
 3.79166327e+20 4.36298152e+20 5.02038455e+20 5.77684342e+20
 6.64728359e+20 7.64887950e+20 8.80139334e+20 1.01275651e+21
 1.16535610e+21 1.34094901e+21 1.54299982e+21 1.77549514e+21
 2.04302226e+21 2.35085970e+21 2.70508130e+21 3.11267612e+21
 3.58168630e+21 4.12136574e+21 4.74236273e+21 5.45692996e+21
 6.27916639e+21 7.22529532e+21 8.31398458e+21 9.56671478e+21
 1.10082032e+22 1.26668915e+22 1.45755067e+22 1.67717072e+22
 1.92988257e+22 2.22067240e+22 2.55527771e+22 2.94030050e+22
 3.38333755e+22 3.89313031e+22 4.47973736e+22 5.15473287e+22
 5.93143500e+22 6.82516864e+22 7.85356782e+22 9.03692358e+22
 1.03985844e+23 1.19654168e+23 1.37683356e+23 1.58429137e+23
 1.82300839e+23 2.09769469e+23 2.41377003e+23 2.77747080e+23
 3.19597309e+23 3.67753424e+23 4.23165581e+23 4.86927102e+23
 5.60296048e+23 6.44720042e+23 7.41864829e+23 8.53647148e+23
 9.82272545e+23 1.13027889e+24 1.30058646e+24 1.49655554e+24
 1.72205275e+24 1.98152731e+24 2.28009884e+24 2.62365838e+24
 3.01898460e+24 3.47387757e+24 3.99731267e+24 4.59961765e+24
 5.29267642e+24 6.09016354e+24 7.00781400e+24 8.06373371e+24
 9.27875674e+24 1.06768564e+25 1.22856181e+25 1.41367840e+25
 1.62668790e+25 1.87179312e+25 2.15383018e+25 2.47836387e+25
 2.85179748e+25 3.28149912e+25 3.77594712e+25 4.34489730e+25
 4.99957545e+25 5.75289886e+25 6.61973113e+25 7.61717550e+25
 8.76491226e+25 1.00855871e+26 1.16052579e+26 1.33539089e+26
 1.53660421e+26 1.76813585e+26 2.03455410e+26 2.34111557e+26
 2.69386895e+26 3.09977432e+26 3.56684049e+26 4.10428301e+26
 4.72270601e+26 5.43431142e+26 6.25313974e+26 7.19534704e+26
 8.27952377e+26 9.52706150e+26 1.09625751e+27 1.26143882e+27
 1.45150923e+27 1.67021898e+27 1.92188336e+27 2.21146789e+27
 2.54468628e+27 2.92811319e+27 3.36931389e+27 3.87699360e+27
 4.46116920e+27 5.13336691e+27 5.90684967e+27 6.79687886e+27
 7.82101540e+27 8.99946625e+27 1.03554831e+28 1.19158211e+28
 1.37112670e+28 1.57772460e+28 1.81545216e+28 2.08899991e+28
 2.40376514e+28 2.76595840e+28 3.18272603e+28 3.66229115e+28
 4.21411593e+28 4.84908828e+28 5.57973665e+28 6.42047728e+28
 7.38789858e+28 8.50108848e+28 9.78201102e+28 1.12559397e+29
 1.29519563e+29 1.49035244e+29 1.71491498e+29 1.97331404e+29
 2.27064801e+29 2.61278352e+29 3.00647114e+29 3.45947862e+29
 3.98074413e+29 4.58055260e+29 5.27073869e+29 6.06492029e+29
 6.97876716e+29 8.03031017e+29 9.24029703e+29 1.06326016e+30
 1.22346952e+30 1.40781882e+30 1.61994540e+30 1.86403469e+30
 2.14490272e+30 2.46809125e+30 2.83997701e+30 3.26789757e+30
 3.76029612e+30 4.32688804e+30 4.97885261e+30 5.72905354e+30
 6.59229286e+30 7.58560290e+30 8.72858239e+30 1.00437831e+31
 1.15571550e+31 1.32985580e+31 1.53023511e+31 1.76080707e+31]
Valeur de x : [[ 2.          2.02005013  2.04010025 ...  9.95989975  9.97994987
  10.        ]
 [ 2.02005013  2.04005     2.06004987 ...  9.96000025  9.98000013
  10.        ]
 [ 2.04010025  2.06004987  2.0799995  ...  9.96010075  9.98005038
  10.        ]
 ...
 [ 9.95989975  9.96000025  9.96010075 ...  9.999799    9.9998995
  10.        ]
 [ 9.97994987  9.98000013  9.98005038 ...  9.9998995   9.99994975
  10.        ]
 [10.         10.         10.         ... 10.         10.
  10.        ]]
Valeur de y : [9.62083427e+06 1.10704773e+07 1.27385488e+07 1.46579612e+07
 1.68665858e+07 1.94080003e+07 2.23323488e+07 2.56973307e+07
 2.95693396e+07 3.40247731e+07 3.91515399e+07 4.50507951e+07
 5.18389351e+07 5.96498949e+07 6.86377905e+07 7.89799594e+07
 9.08804602e+07 1.04574098e+08 1.20331059e+08 1.38462240e+08
 1.59325380e+08 1.83332126e+08 2.10956148e+08 2.42742487e+08
 2.79318312e+08 3.21405290e+08 3.69833828e+08 4.25559455e+08
 4.89681679e+08 5.63465678e+08 6.48367263e+08 7.46061605e+08
 8.58476283e+08 9.87829321e+08 1.13667295e+09 1.30794396e+09
 1.50502165e+09 1.73179451e+09 1.99273694e+09 2.29299750e+09
 2.63850058e+09 3.03606318e+09 3.49352951e+09 4.01992572e+09
 4.62563797e+09 5.32261742e+09 6.12461597e+09 7.04745764e+09
 8.10935075e+09 9.33124725e+09 1.07372560e+10 1.23551186e+10
 1.42167567e+10 1.63589017e+10 1.88238197e+10 2.16601453e+10
 2.49238413e+10 2.86793028e+10 3.30006277e+10 3.79730789e+10
 4.36947665e+10 5.02785836e+10 5.78544336e+10 6.65717936e+10
 7.66026633e+10 8.81449591e+10 1.01426419e+11 1.16709096e+11
 1.34294527e+11 1.54529688e+11 1.77813831e+11 2.04606370e+11
 2.35435941e+11 2.70910834e+11 3.11730994e+11 3.58701833e+11
 4.12750119e+11 4.74942265e+11 5.46505366e+11 6.28851414e+11
 7.23605157e+11 8.32636154e+11 9.58095667e+11 1.10245910e+12
 1.26857486e+12 1.45972051e+12 1.67966751e+12 1.93275557e+12
 2.22397830e+12 2.55908173e+12 2.94467771e+12 3.38837430e+12
 3.89892599e+12 4.48640631e+12 5.16240668e+12 5.94026508e+12
 6.83532922e+12 7.86525937e+12 9.05037679e+12 1.04140647e+13
 1.19832297e+13 1.37888325e+13 1.58664989e+13 1.82572229e+13
 2.10081751e+13 2.41736339e+13 2.78160560e+13 3.20073091e+13
 3.68300896e+13 4.23795545e+13 4.87651987e+13 5.61130157e+13
 6.45679832e+13 7.42969238e+13 8.54917967e+13 9.83734847e+13
 1.13196153e+14 1.30252263e+14 1.49878345e+14 1.72461636e+14
 1.98447720e+14 2.28349321e+14 2.62756420e+14 3.02347894e+14
 3.47904911e+14 4.00326344e+14 4.60646507e+14 5.30055559e+14
 6.09922992e+14 7.01824648e+14 8.07573814e+14 9.29256996e+14
 1.06927509e+15 1.23039076e+15 1.41578294e+15 1.62910953e+15
 1.87457965e+15 2.15703657e+15 2.48205339e+15 2.85604293e+15
 3.28638427e+15 3.78156835e+15 4.35136552e+15 5.00701829e+15
 5.76146316e+15 6.62958587e+15 7.62851513e+15 8.77796052e+15
 1.01006014e+16 1.16225346e+16 1.33737887e+16 1.53889174e+16
 1.77076806e+16 2.03758292e+16 2.34460077e+16 2.69787930e+16
 3.10438894e+16 3.57215042e+16 4.11039302e+16 4.72973666e+16
 5.44240144e+16 6.26244874e+16 7.20605871e+16 8.29184943e+16
 9.54124436e+16 1.09788950e+17 1.26331671e+17 1.45367009e+17
 1.67270542e+17 1.92474445e+17 2.21476008e+17 2.54847454e+17
 2.93247225e+17 3.37432976e+17 3.88276525e+17 4.46781051e+17
 5.14100891e+17 5.91564315e+17 6.80699732e+17 7.83265849e+17
 9.01286369e+17 1.03708992e+18 1.19335601e+18 1.37316788e+18
 1.58007335e+18 1.81815481e+18 2.09210979e+18 2.40734361e+18
 2.77007606e+18 3.18746413e+18 3.66774318e+18 4.22038945e+18
 4.85630708e+18 5.58804317e+18 6.43003540e+18 7.39889689e+18
 8.51374399e+18 9.79657343e+18 1.12726964e+19 1.29712378e+19
 1.49257111e+19 1.71746796e+19 1.97625170e+19 2.27402831e+19
 2.61667315e+19 3.01094686e+19 3.46462872e+19 3.98667023e+19
 4.58737163e+19 5.27858520e+19 6.07394909e+19 6.98915640e+19
 8.04226484e+19 9.25405299e+19 1.06484303e+20 1.22529089e+20
 1.40991463e+20 1.62235700e+20 1.86680966e+20 2.14809583e+20
 2.47176548e+20 2.84420486e+20 3.27276246e+20 3.76589405e+20
 4.33332945e+20 4.98626459e+20 5.73758235e+20 6.60210676e+20
 7.59689554e+20 8.74157657e+20 1.00587353e+21 1.15743601e+21
 1.33183554e+21 1.53251316e+21 1.76342837e+21 2.02913730e+21
 2.33488259e+21 2.68669680e+21 3.09152149e+21 3.55734414e+21
 4.09335577e+21 4.71013228e+21 5.41984312e+21 6.23649139e+21
 7.17619016e+21 8.25748037e+21 9.50169666e+21 1.09333883e+22
 1.25808037e+22 1.44764474e+22 1.66577219e+22 1.91676654e+22
 2.20558008e+22 2.53791131e+22 2.92031738e+22 3.36034343e+22
 3.86667149e+22 4.44929179e+22 5.11969984e+22 5.89112328e+22
 6.77878286e+22 7.80019274e+22 8.97550608e+22 1.03279127e+23
 1.18840965e+23 1.36747621e+23 1.57352407e+23 1.81061871e+23
 2.08343816e+23 2.39736536e+23 2.75859432e+23 3.17425234e+23
 3.65254067e+23 4.20289627e+23 4.83617807e+23 5.56488117e+23
 6.40338341e+23 7.36822905e+23 8.47845519e+23 9.75596741e+23
 1.12259719e+24 1.29174730e+24 1.48638453e+24 1.71034919e+24
 1.96806029e+24 2.26460264e+24 2.60582725e+24 2.99846672e+24
 3.45026811e+24 3.97014580e+24 4.56835734e+24 5.25670589e+24
 6.04877305e+24 6.96018690e+24 8.00893028e+24 9.21569567e+24
 1.06042934e+25 1.22021216e+25 1.40407064e+25 1.61563246e+25
 1.85907188e+25 2.13919214e+25 2.46152021e+25 2.83241585e+25
 3.25919712e+25 3.75028471e+25 4.31536814e+25 4.96559692e+25
 5.71380052e+25 6.57474155e+25 7.56540700e+25 8.70534342e+25
 1.00170426e+26 1.15263853e+26 1.32631519e+26 1.52616101e+26
 1.75611910e+26 2.02072669e+26 2.32520468e+26 2.67556065e+26
 3.07870738e+26 3.54259923e+26 4.07638913e+26 4.69060915e+26
 5.39737829e+26 6.21064162e+26 7.14644542e+26 8.22325377e+26
 9.46231287e+26 1.08880703e+27 1.25286572e+27 1.44164436e+27
 1.65886770e+27 1.90882169e+27 2.19643812e+27 2.52739187e+27
 2.90821290e+27 3.34641507e+27 3.85064444e+27 4.43084982e+27
 5.09847908e+27 5.86670504e+27 6.75068533e+27 7.76786155e+27
 8.93830331e+27 1.02851043e+28 1.18348378e+28 1.36180813e+28
 1.56700194e+28 1.80311383e+28 2.07480247e+28 2.38742847e+28
 2.74716016e+28 3.16109532e+28 3.63740118e+28 4.18547560e+28
 4.81613249e+28 5.54181517e+28 6.37684189e+28 7.33768832e+28
 8.44331266e+28 9.71552969e+28 1.11794412e+29 1.28639311e+29
 1.48022358e+29 1.70325993e+29 1.95990283e+29 2.25521604e+29
 2.59502630e+29 2.98603831e+29 3.43596702e+29 3.95368986e+29
 4.54942186e+29 5.23491725e+29 6.02370136e+29 6.93133747e+29
 7.97573390e+29 9.17749734e+29 1.05603395e+30 1.21515447e+30
 1.39825088e+30 1.60893579e+30 1.85136618e+30 2.13032535e+30
 2.45131740e+30 2.82067571e+30 3.24568801e+30 3.73474008e+30
 4.29748128e+30 4.94501491e+30 5.69011727e+30 6.54748977e+30
 7.53404899e+30 8.66926046e+30 9.97552273e+30 1.14786093e+31
 1.32081772e+31 1.51983519e+31 1.74884012e+31 2.01235094e+31]
Valeur de x : [[ 2.          2.02005013  2.04010025 ...  9.95989975  9.97994987
  10.        ]
 [ 2.02005013  2.04005     2.06004987 ...  9.96000025  9.98000013
  10.        ]
 [ 2.04010025  2.06004987  2.0799995  ...  9.96010075  9.98005038
  10.        ]
 ...
 [ 9.95989975  9.96000025  9.96010075 ...  9.999799    9.9998995
  10.        ]
 [ 9.97994987  9.98000013  9.98005038 ...  9.9998995   9.99994975
  10.        ]
 [10.         10.         10.         ... 10.         10.
  10.        ]]
Valeur de y : [1.08234386e+07 1.24542869e+07 1.43308674e+07 1.64902064e+07
 1.89749090e+07 2.18340004e+07 2.51238924e+07 2.89094971e+07
 3.32655071e+07 3.82778697e+07 4.40454824e+07 5.06821445e+07
 5.83188020e+07 6.71061318e+07 7.72175143e+07 8.88524543e+07
 1.02240518e+08 1.17645861e+08 1.35372442e+08 1.55770020e+08
 1.79241053e+08 2.06248642e+08 2.37325666e+08 2.73085298e+08
 3.14233102e+08 3.61580952e+08 4.16063056e+08 4.78754387e+08
 5.50891889e+08 6.33898887e+08 7.29413171e+08 8.39319305e+08
 9.65785818e+08 1.11130799e+09 1.27875707e+09 1.47143695e+09
 1.69314936e+09 1.94826883e+09 2.24182905e+09 2.57962219e+09
 2.96831315e+09 3.41557108e+09 3.93022070e+09 4.52241643e+09
 5.20384272e+09 5.98794460e+09 6.89019297e+09 7.92838984e+09
 9.12301960e+09 1.04976532e+10 1.20794130e+10 1.38995085e+10
 1.59938513e+10 1.84037644e+10 2.11767972e+10 2.43676635e+10
 2.80393215e+10 3.22642156e+10 3.71257061e+10 4.27197138e+10
 4.91566124e+10 5.65634066e+10 6.50862378e+10 7.48932678e+10
 8.61779962e+10 9.91630790e+10 1.14104721e+11 1.31297733e+11
 1.51081343e+11 1.73845899e+11 2.00040560e+11 2.30182166e+11
 2.64865433e+11 3.04774688e+11 3.50697368e+11 4.03539562e+11
 4.64343884e+11 5.34310048e+11 6.14818536e+11 7.07457841e+11
 8.14055801e+11 9.36715674e+11 1.07785763e+12 1.24026649e+12
 1.42714671e+12 1.64218558e+12 1.88962595e+12 2.17435002e+12
 2.50197559e+12 2.87896695e+12 3.31276242e+12 3.81192109e+12
 4.38629174e+12 5.04720710e+12 5.80770752e+12 6.68279822e+12
 7.68974538e+12 8.84841679e+12 1.01816739e+13 1.17158228e+13
 1.34811334e+13 1.55124365e+13 1.78498113e+13 2.05393758e+13
 2.36341970e+13 2.71953381e+13 3.12930630e+13 3.60082227e+13
 4.14338508e+13 4.76769988e+13 5.48608485e+13 6.31271426e+13
 7.26389811e+13 8.35840393e+13 9.61782712e+13 1.10670170e+14
 1.27345672e+14 1.46533796e+14 1.68613139e+14 1.94019340e+14
 2.23253685e+14 2.56892986e+14 2.95600972e+14 3.40141380e+14
 3.91393025e+14 4.50367137e+14 5.18227320e+14 5.96312504e+14
 6.86163366e+14 7.89552729e+14 9.08520540e+14 1.04541412e+15
 1.20293448e+15 1.38418961e+15 1.59275580e+15 1.83274823e+15
 2.10890210e+15 2.42666614e+15 2.79231007e+15 3.21304830e+15
 3.69718230e+15 4.25426439e+15 4.89528621e+15 5.63289557e+15
 6.48164605e+15 7.45828411e+15 8.58207952e+15 9.87520559e+15
 1.13631766e+16 1.30753514e+16 1.50455123e+16 1.73125321e+16
 1.99211407e+16 2.29228079e+16 2.63767587e+16 3.03511421e+16
 3.49243755e+16 4.01866922e+16 4.62419215e+16 5.32095375e+16
 6.12270162e+16 7.04525484e+16 8.10681604e+16 9.32833061e+16
 1.07338999e+17 1.23512568e+17 1.42123130e+17 1.63537885e+17
 1.88179360e+17 2.16533751e+17 2.49160509e+17 2.86703386e+17
 3.29903128e+17 3.79612098e+17 4.36811090e+17 5.02628682e+17
 5.78363503e+17 6.65509855e+17 7.65787199e+17 8.81174080e+17
 1.01394716e+18 1.16672616e+18 1.34252551e+18 1.54481387e+18
 1.77758252e+18 2.04542417e+18 2.35362351e+18 2.70826156e+18
 3.11633557e+18 3.58589715e+18 4.12621107e+18 4.74793814e+18
 5.46334546e+18 6.28654856e+18 7.23378982e+18 8.32375900e+18
 9.57796199e+18 1.10211451e+19 1.26817834e+19 1.45926425e+19
 1.67914250e+19 1.93215146e+19 2.22328316e+19 2.55828185e+19
 2.94375730e+19 3.38731521e+19 3.89770731e+19 4.48500401e+19
 5.16079309e+19 5.93840836e+19 6.83319273e+19 7.86280095e+19
 9.04754794e+19 1.04108096e+20 1.19794841e+20 1.37845225e+20
 1.58615396e+20 1.82515163e+20 2.10016087e+20 2.41660780e+20
 2.78073616e+20 3.19973047e+20 3.68185777e+20 4.23663080e+20
 4.87499563e+20 5.60954766e+20 6.45478014e+20 7.42737011e+20
 8.54650748e+20 9.83427364e+20 1.13160772e+21 1.30211551e+21
 1.49831498e+21 1.72407730e+21 1.98385692e+21 2.28277947e+21
 2.62674291e+21 3.02253390e+21 3.47796167e+21 4.00201216e+21
 4.60502524e+21 5.29889881e+21 6.09732350e+21 7.01605281e+21
 8.07321393e+21 9.28966542e+21 1.06894087e+22 1.23000619e+22
 1.41534041e+22 1.62860033e+22 1.87399371e+22 2.15636235e+22
 2.48127759e+22 2.85515023e+22 3.28535705e+22 3.78038636e+22
 4.35000543e+22 5.00545326e+22 5.75966232e+22 6.62751369e+22
 7.62613071e+22 8.77521683e+22 1.00974443e+23 1.16189018e+23
 1.33696085e+23 1.53841074e+23 1.77021458e+23 2.03694604e+23
 2.34386793e+23 2.69703603e+23 3.10341861e+23 3.57103389e+23
 4.10910825e+23 4.72825831e+23 5.44070033e+23 6.26049131e+23
 7.20380633e+23 8.28925768e+23 9.53826209e+23 1.09754633e+24
 1.26292184e+24 1.45321572e+24 1.67218259e+24 1.92414284e+24
 2.21406782e+24 2.54767797e+24 2.93155566e+24 3.37327506e+24
 3.88155163e+24 4.46641402e+24 5.13940201e+24 5.91379412e+24
 6.80486968e+24 7.83021026e+24 9.01004657e+24 1.03676576e+25
 1.19298301e+25 1.37273868e+25 1.57957947e+25 1.81758652e+25
 2.09145587e+25 2.40659115e+25 2.76921023e+25 3.18646784e+25
 3.66659676e+25 4.21907030e+25 4.85478916e+25 5.58629653e+25
 6.42802558e+25 7.39658424e+25 8.51108288e+25 9.79351135e+25
 1.12691729e+26 1.29671834e+26 1.49210459e+26 1.71693114e+26
 1.97563399e+26 2.27331753e+26 2.61585527e+26 3.01000573e+26
 3.46354580e+26 3.98542413e+26 4.58593777e+26 5.27693530e+26
 6.07205058e+26 6.98697183e+26 8.03975110e+26 9.25116049e+26
 1.06451020e+27 1.22490791e+27 1.40947394e+27 1.62184991e+27
 1.86622616e+27 2.14742440e+27 2.47099289e+27 2.84331586e+27
 3.27173951e+27 3.76471696e+27 4.33197500e+27 4.98470605e+27
 5.73578897e+27 6.60004317e+27 7.59452100e+27 8.73884425e+27
 1.00555912e+28 1.15707423e+28 1.33141925e+28 1.53203415e+28
 1.76287718e+28 2.02850306e+28 2.33415278e+28 2.68585703e+28
 3.09055518e+28 3.55623223e+28 4.09207632e+28 4.70866005e+28
 5.41814905e+28 6.23454207e+28 7.17394712e+28 8.25489936e+28
 9.49872675e+28 1.09299709e+29 1.25768713e+29 1.44719225e+29
 1.66525153e+29 1.91616742e+29 2.20489069e+29 2.53711805e+29
 2.91940459e+29 3.35929310e+29 3.86546290e+29 4.44790109e+29
 5.11809959e+29 5.88928191e+29 6.77666404e+29 7.79775466e+29
 8.97270064e+29 1.03246845e+30 1.18803819e+30 1.36704878e+30
 1.57303224e+30 1.81005277e+30 2.08278695e+30 2.39661602e+30
 2.75773207e+30 3.17326018e+30 3.65139901e+30 4.20158259e+30
 4.83466644e+30 5.56314177e+30 6.40138192e+30 7.36592599e+30
 8.47580511e+30 9.75291802e+30 1.12224631e+31 1.29134355e+31
 1.48591993e+31 1.70981459e+31 1.96744514e+31 2.26389480e+31]
